start=6759.336000
volume=80.000000
fullscreen=yes
